1 2
1 3
1 4
1 5
1 6
2 3
2 4
2 7
2 8
2 9
3 4
3 7
3 10
3 11
3 12
4 5
4 9
4 11
4 13
4 14
5 15
5 16
5 17
5 18
5 19
6 20
6 21
6 22
6 23
6 24
7 25
7 26
7 27
7 28
7 29
8 30
8 31
8 32
8 33
8 34
9 35
9 36
9 37
9 38
9 39
10 40
10 41
10 42
10 43
10 44
11 45
11 46
11 47
11 48
11 49
12 50
12 51
12 52
12 53
12 54
13 55
13 56
13 57
13 58
13 59
14 60
14 61
14 62
14 63
14 64
15 65
15 66
15 67
15 68
15 69
16 70
16 71
16 72
16 73
16 74
17 75
17 76
17 77
17 78
17 79
18 80
18 81
18 82
18 83
18 84
19 85
19 86
19 87
19 88
19 89
20 90
20 91
20 92
20 93
20 94
21 95
21 96
21 97
21 98
21 99
22 100
22 101
22 23
22 24
23 24
23 101
24 101
25 26
25 29
25 33
25 38
25 40
26 29
26 31
26 32
26 37
26 38
27 28
27 29
27 30
27 31
27 34
28 29
28 30
28 31
28 33
28 36
29 33
29 38
29 39
30 34
30 35
30 36
30 37
30 39
31 37
31 40
31 41
32 37
32 41
32 42
33 38
33 39
33 43
34 35
34 44
35 36
35 44
35 45
36 45
36 46
37 38
37 41
37 47
38 39
38 47
39 43
39 47
40 41
40 48
40 49
41 42
41 47
42 50
43 47
43 51
44 45
44 52
45 46
45 53
46 54
47 55
48 49
48 56
49 57
50 51
50 58
51 59
52 53
52 60
53 54
53 55
53 56
53 57
53 58
53 59
53 60
54 61
54 62
55 63
55 64
56 57
56 65
57 66
57 67
58 68
58 69
59 70
59 71
60 72
60 73
61 74
61 75
62 76
62 77
63 78
63 79
64 80
64 81
65 82
65 83
66 84
66 85
67 86
67 87
68 88
68 89
69 90
69 91
70 92
70 93
71 94
71 95
72 96
72 97
73 98
73 99
74 100
74 101
75 76
75 77
75 78
76 77
76 78
77 78
77 79
78 79
78 80
79 80
79 81
80 81
80 82
81 82
81 83
82 83
82 84
83 84
83 85
84 85
84 86
85 86
85 87
86 87
86 88
87 88
87 89
88 89
88 90
89 90
89 91
90 91
90 92
91 92
91 93
92 93
92 94
93 94
93 95
94 95
94 96
95 96
95 97
96 97
96 98
97 98
97 99
98 99
98 100
99 100
101 1
101 10
101 20
101 30
101 40
101 50
101 60
101 70
101 80
101 90
